35
500
1 2 3
1 3 2
1 2 4
1 4 2 
1 3 4
1 2 5
1 5 2
1 3 5
3 4 5
1 2 6
1 6 2
1 3 6
3 4 6
4 5 6
1 2 7
1 7 2
1 3 7
3 4 7
4 5 7
5 6 7
1 2 8
1 8 2
1 3 8
3 4 8
4 5 8
5 6 8
6 7 8
1 2 9
1 9 2
1 3 9
3 4 9
4 5 9
5 6 9
6 7 9
7 8 9
1 2 10
1 10 2
1 3 10
3 4 10
4 5 10
5 6 10
6 7 10
7 8 10
8 9 10
1 2 11
1 11 2
1 3 11
3 4 11
4 5 11
5 6 11
6 7 11
7 8 11
8 9 11
9 10 11
1 2 12
1 12 2
1 3 12
3 4 12
4 5 12
5 6 12
6 7 12
7 8 12
8 9 12
9 10 12
10 11 12 
1 2 13 
1 13 2
1 3 13
3 4 13
4 5 13
5 6 13
6 7 13
7 8 13
8 9 13
9 10 13
10 11 13
11 12 13
1 2 14
1 14 2
1 3 14
3 4 14
4 5 14
5 6 14
6 7 14
7 8 14
8 9 14
9 10 14
10 11 14
11 12 14
12 13 14
1 2 15
1 15 2
1 3 15
3 4 15
4 5 15
5 6 15
6 7 15
7 8 15
8 9 15
9 10 15
10 11 15
11 12 15
12 13 15
13 14 15
1 2 16
1 16 2
1 3 16
3 4 16
4 5 16
5 6 16
6 7 16
7 8 16
8 9 16
9 10 16
10 11 16
11 12 16
12 13 16
13 14 16
14 15 16
1 2 17
1 17 2  
1 3 17
3 4 17
4 5 17
5 6 17
6 7 17
7 8 17
8 9 17
9 10 17
10 11 17
11 12 17
12 13 17
13 14 17
14 15 17
15 16 17
1 2 18
1 18 2  
1 3 18
3 4 18
4 5 18
5 6 18
6 7 18
7 8 18
8 9 18
9 10 18
10 11 18
11 12 18
12 13 18
13 14 18
14 15 18
15 16 18
16 17 18
1 2 19
1 19 2  
1 3 19
3 4 19
4 5 19
5 6 19
6 7 19
7 8 19
8 9 19
9 10 19
10 11 19
11 12 19
12 13 19
13 14 19
14 15 19
15 16 19
16 17 19
17 18 19
1 2 20
1 20 2
1 3 20
3 4 20
4 5 20
5 6 20
6 7 20
7 8 20
8 9 20
9 10 20
10 11 20
11 12 20
12 13 20
13 14 20
14 15 20
15 16 20
16 17 20
17 18 20
18 19 20
1 2 21
1 21 2
1 3 21
3 4 21
4 5 21
5 6 21
6 7 21
7 8 21
8 9 21
9 10 21
10 11 21
11 12 21
12 13 21
13 14 21
14 15 21
15 16 21
16 17 21
17 18 21
18 19 21
19 20 21
1 2 22
1 22 2
1 3 22
3 4 22
4 5 22
5 6 22
6 7 22
7 8 22
8 9 22
9 10 22
10 11 22
11 12 22
12 13 22
13 14 22
14 15 22
15 16 22
16 17 22
17 18 22
18 19 22
19 20 22
20 21 22
1 2 23
1 23 2
1 3 23
3 4 23
4 5 23
5 6 23
6 7 23
7 8 23
8 9 23
9 10 23
10 11 23
11 12 23
12 13 23
13 14 23
14 15 23
15 16 23
16 17 23
17 18 23
18 19 23
19 20 23
20 21 23
21 22 23
1 2 24
1 24 2
1 3 24
3 4 24
4 5 24
5 6 24
6 7 24
7 8 24
8 9 24
9 10 24
10 11 24
11 12 24
12 13 24
13 14 24
14 15 24
15 16 24
16 17 24
17 18 24
18 19 24
19 20 24
20 21 24
21 22 24
22 23 24
1 2 25
1 25 2
1 3 25
3 4 25
4 5 25
5 6 25
6 7 25
7 8 25
8 9 25
9 10 25
10 11 25
11 12 25
12 13 25
13 14 25
14 15 25
15 16 25
16 17 25
17 18 25
18 19 25
19 20 25
20 21 25
21 22 25
22 23 25
23 24 25
1 2 26
1 26 2
1 3 26
3 4 26
4 5 26
5 6 26
6 7 26
7 8 26
8 9 26
9 10 26
10 11 26
11 12 26
12 13 26
13 14 26
14 15 26
15 16 26
16 17 26
17 18 26
18 19 26
19 20 26
20 21 26
21 22 26
22 23 26
23 24 26
24 25 26
1 2 27
1 27 2
1 3 27
3 4 27
4 5 27
5 6 27
6 7 27
7 8 27
8 9 27
9 10 27
10 11 27
11 12 27
12 13 27
13 14 27
14 15 27
15 16 27
16 17 27
17 18 27
18 19 27
19 20 27
20 21 27
21 22 27
22 23 27
23 24 27
24 25 27
25 26 27
1 2 28
1 28 2
1 3 28
3 4 28
4 5 28
5 6 28
6 7 28
7 8 28
8 9 28
9 10 28
10 11 28
11 12 28
12 13 28
13 14 28
14 15 28
15 16 28
16 17 28
17 18 28
18 19 28
19 20 28
20 21 28
21 22 28
22 23 28
23 24 28
24 25 28
25 26 28
26 27 28
1 2 29
1 29 2
1 3 29
3 4 29
4 5 29
5 6 29
6 7 29
7 8 29
8 9 29
9 10 29
10 11 29
11 12 29
12 13 29
13 14 29
14 15 29
15 16 29
16 17 29
17 18 29
18 19 29
19 20 29
20 21 29
21 22 29
22 23 29
23 24 29
24 25 29
25 26 29
26 27 29
27 28 29
1 2 30
1 30 2
1 3 30
3 4 30
4 5 30
5 6 30
6 7 30
7 8 30
8 9 30
9 10 30
10 11 30
11 12 30
12 13 30
13 14 30
14 15 30
15 16 30
16 17 30
17 18 30
18 19 30
19 20 30
20 21 30
21 22 30
22 23 30
23 24 30
24 25 30
25 26 30
26 27 30
27 28 30
28 29 30
1 2 31
1 31 2
1 3 31
3 4 31
4 5 31
5 6 31
6 7 31
7 8 31
8 9 31
9 10 31
10 11 31
11 12 31
12 13 31
13 14 31
14 15 31
15 16 31
16 17 31
17 18 31
18 19 31
19 20 31
20 21 31
21 22 31
22 23 31
23 24 31
24 25 31
25 26 31
26 27 31
27 28 31
28 29 31
29 30 31
1 2 32
1 32 2
1 3 32
3 4 32
4 5 32
5 6 32
6 7 32
7 8 32
8 9 32
9 10 32
10 11 32
11 12 32
12 13 32
13 14 32
14 15 32
15 16 32
16 17 32
17 18 32
18 19 32
19 20 32
20 21 32
21 22 32
22 23 32
23 24 32
24 25 32
25 26 32
26 27 32
27 28 32
28 29 32
29 30 32
30 31 32
1 2 33
1 33 2
1 2 34
1 34 2
1 2 35
